datawu <- matrix(c(0, 0.0487272, 0.06673788, 0.03553292, 0.04656742, 0.07542087, 0.02743182, 0.02914056, 0.02310465, 0.0271836, 0.02081098, 0.02287049, 0.03409632, 0.0487272, 0, 0.03576723, 0.01933433, 0.01081597, 0.03543301, 0.0582548, 0.05817652, 0.06226393, 0.05961666, 0.05886527, 0.05774749, 0.07163243, 0.06673788, 0.03576723, 0, 0.0383656, 0.03573626, 0.02008967, 0.07568517, 0.07561219, 0.07911357, 0.07709178, 0.07711997, 0.07508794, 0.09240644, 0.03553292, 0.01933433, 0.0383656, 0, 0.01620747, 0.04526887, 0.04368284, 0.04408443, 0.0471587, 0.04656371, 0.04390529, 0.04310888, 0.06063159, 0.04656742, 0.01081597, 0.03573626, 0.01620747, 0, 0.03605884, 0.05507843, 0.05561888, 0.05779066, 0.05657348, 0.05417219, 0.05383558, 0.06923906, 0.07542087, 0.03543301, 0.02008967, 0.04526887, 0.03605884, 0, 0.08403335, 0.0844422, 0.08716189, 0.08603886, 0.08461983, 0.08438011, 0.0997102, 0.02743182, 0.0582548, 0.07568517, 0.04368284, 0.05507843, 0.08403335, 0, 0.01209318, 0.01631451, 0.01487591, 0.01986592, 0.01579138, 0.04117073, 0.02914056, 0.05817652, 0.07561219, 0.04408443, 0.05561888, 0.0844422, 0.01209318, 0, 0.02163043, 0.01362263, 0.02314327, 0.01904091, 0.04230076, 0.02310465, 0.06226393, 0.07911357, 0.0471587, 0.05779066, 0.08716189, 0.01631451, 0.02163043, 0, 0.0214473, 0.01212746, 0.01756153, 0.03173873, 0.0271836, 0.05961666, 0.07709178, 0.04656371, 0.05657348, 0.08603886, 0.01487591, 0.01362263, 0.0214473, 0, 0.02116438, 0.01616325, 0.04074987, 0.02081098, 0.05886527, 0.07711997, 0.04390529, 0.05417219, 0.08461983, 0.01986592, 0.02314327, 0.01212746, 0.02116438, 0, 0.01089908, 0.03347909, 0.02287049, 0.05774749, 0.07508794, 0.04310888, 0.05383558, 0.08438011, 0.01579138, 0.01904091, 0.01756153, 0.01616325, 0.01089908, 0, 0.0376187, 0.03409632, 0.07163243, 0.09240644, 0.06063159, 0.06923906, 0.0997102, 0.04117073, 0.04230076, 0.03173873, 0.04074987, 0.03347909, 0.0376187, 0)
                 ,nrow=13,ncol=13) 


rownames(datawu) <- c('insitu_6_2','insitu_8_1','insitu_9_1','insitu_10_1','insitu_11_1','insitu_12_1', 'onboard_1_2','onboard_2_2','onboard_7_1','onboard_8_1','onboard_9_1','onboard_10_1','onboard_11_1')
colnames(datawu) <- c('insitu_6_2','insitu_8_1','insitu_9_1','insitu_10_1','insitu_11_1','insitu_12_1', 'onboard_1_2','onboard_2_2','onboard_7_1','onboard_8_1','onboard_9_1','onboard_10_1','onboard_11_1')


samplename <- c("1", "2", "3", "4", "5", "6", "1", "2", "3", "4", "5", "6", "7")

colors <- c("#23415a", "#23415a", "#23415a", "#23415a", "#23415a", "#23415a", 
            "#54b9ff", "#54b9ff", "#54b9ff", "#54b9ff", "#54b9ff", "#54b9ff", "#54b9ff")


pcaobj <- prcomp(datawu, scale=F)
pcaobj
summary(pcaobj)

PC1 <- pcaobj$x[, 1]
PC2 <- pcaobj$x[, 2]

par(mfrow=c(1,1), pin = c(4,3.5)) 

plot(PC1, PC2, type = "n", asp = TRUE,
     xlab="PC1 (84.28%)",ylab="PC2 (8.79%)",
     cex.lab  = 1.3, cex.axis = 1.3)
text(PC1, PC2, labels = samplename, col = colors, 
     cex = 1.8, font = 2)
PC1
